3 4 12 45545 67036 200566 45726 71404
4 3 12 39374 38722 119895 51947 70171
5 2 10 42229 210204 180148 59121 106149
6 2 12 41218 45516 168757 42340 57838
7 6 42 60684 55013 127149 57638 69000
8 7 56 48521 52158 130875 60082 83236
9 62 558 124764 82925 149770 80891 163286
10 1 10 49844 42369 102953 35266 63249
11 62 682 142808 83847 165290 2645390 3116614
12 1 12 47900 47238 105347 32732 3727429
13 4 52 48511 47519 113552 53049 59651
14 3 42 52829 56406 115947 52388 50054
15 10 150 64391 60113 140354 74119 95509
16 15 240 56987 74249 152506 71153 119093
17 10 170 60323 69400 133911 67356 90730
18 31 558 76192 75992 147116 77746 112772
19 2 38 45556 38262 74329 51586 75883
20 12 240 66355 64972 155902 70613 119844
21 2 42 45676 47489 129173 53340 72475
22 31 682 94477 75080 346620 160401 213169
23 26 598 71775 74660 170991 100899 154310
24 10 240 61125 63489 133230 90280 121177
25 6 150 48942 51447 156664 85951 108985
26 2 52 45536 50064 124925 67967 80851
27 116 3132 158587 117911 200906 100789 159529
28 2 56 43572 55965 103534 50685 81713
29 8 232 49112 70282 119915 71314 110517
30 5 150 56075 64050 119484 73979 94878
31 18 558 72376 72556 154279 71985 132138
32 31 992 88035 141936 177733 139953 183864
33 254 8382 390162 132308 192932 238657 266139
34 5 170 40907 50244 137097 88226 106620
35 78 2730 136446 98715 199074 138149 151654
36 26 936 77245 73769 155111 127860 140273
37 18 666 79369 70122 150683 122349 150192
38 1 38 41248 41278 98004 60594 85590
39 24 936 77264 84288 174106 128150 168075
40 6 240 71575 55945 147035 86762 110707
41 18 738 67557 72716 166913 115697 157085
42 1 42 41317 45455 116538 53179 82314
43 70 3010 105628 106359 212217 178715 220663
44 86 3784 151143 131136 222607 212519 256391
45 11894 535230 12806963 844734 406933 356358 341200
46 13 598 59762 66815 152466 116548 178345
47 254 11938 356027 175249 244349 239008 344776
48 5 240 50295 59261 136877 87814 121678
49 46 2254 102532 89067 167374 145152 185128
50 3 150 49694 50304 136446 75311 106490
51 4 204 46587 55785 115146 85931 114164
52 1 52 39074 46427 129172 52839 78878
53 4 212 52188 56666 125375 83606 109686
54 58 3132 113563 96060 171291 141405 156434
55 264 14520 367138 170380 306103 269285 317164
56 1 56 41668 46998 108083 70151 146374
57 850 48450 1093150 305313 312175 358683 406863
58 4 232 48230 55234 131156 89298 129202
59 162 9558 243978 148789 236143 242344 335699
60 4 240 51557 68379 147626 70442 123371
61 16 976 70582 83016 167594 127960 169728
62 9 558 55404 61315 128942 88747 115216
63 34 2142 92543 91031 186480 110217 176241
64 63 4032 120025 132860 234881 180949 267211
65 38 2470 77305 126036 165350 168105 196147
66 127 8382 227897 128051 233768 282810 276078
67 56 3752 110868 104617 223769 201388 253315
68 3 204 58029 61966 112411 87765 131426
69 42 2898 107592 113032 197230 217988 275096
70 39 2730 87625 123722 196248 146264 211798
71 2 142 41418 46377 85961 87364 93886
72 13 936 64661 89819 155331 128201 202259
73 586 42778 817723 291747 316454 251311 360105
74 9 666 66795 75852 174427 127609 205636
75 2 150 52168 49593 114805 84348 103494
76 187 14212 276418 203491 311113 326793 374833
77 34 2618 89418 101761 201698 192671 225222
78 12 936 61034 91712 172213 144150 216225
79 134 10586 215033 163527 335479 432822 345678
80 3 240 67497 68558 150201 93275 121628
81 48 3888 113002 129763 232476 199844 258895
82 9 738 61144 74520 169828 125355 156203
83 466 38678 621255 216466 374863 343314 465704
84 39 3276 106360 100318 199605 214822 239058
85 2 170 54933 50895 113413 84338 101090
86 35 3010 76874 114084 204814 211958 214583
87 36 3132 85951 115557 212980 224351 264366
88 43 3784 104195 134872 245490 258966 269645
89 2 178 51317 53260 125685 130715 118883
90 5947 535230 7326938 801262 408546 440415 500428
91 30 2730 93295 89348 205195 160030 223519
92 10 920 64701 85561 166783 117129 178174
93 6 558 56736 56335 156343 94707 185447
94 127 11938 172613 185968 298840 313337 348864
95 26 2470 83666 102202 198843 189074 248335
96 42 4032 84639 141446 229641 211837 230412
97 36 3492 102673 152175 228479 282310 278101
98 23 2254 85821 134823 190827 169819 205114
99 25186 2493414 26523251 1863695 713839 823985 702247
100 40 4000 97793 137688 254397 237796 272231
101 22 2222 83587 95509 188744 189305 188173
102 2 204 50876 74159 155381 84678 145322
103 394 40582 564678 276909 403546 449733 578896
104 9 936 49993 91502 148629 132819 177443
105 26 2730 86402 92213 206037 171482 223630
106 2 212 61645 66976 99236 99316 128101
107 116 12412 160891 187221 245711 285526 341640
108 29 3132 88536 113794 211186 166051 225663
109 144 15696 193683 222978 333305 411572 352311
110 132 14520 210094 213891 321252 357801 336701
111 6 666 45185 75021 130154 129503 166743
112 35 3920 93005 139692 203842 235311 251421
113 28 3164 87705 103734 177643 191879 293180
114 425 48450 482214 338635 323487 482425 590998
115 8 920 53069 86372 216766 143199 180278
116 2 232 42970 69481 133189 106029 116268
117 8 936 58229 74329 163076 143890 189815
118 81 9558 150993 152196 270938 326362 369733
119 18 2142 61375 78236 179146 175268 195086
120 2 240 47990 69210 142076 93064 135624
121 120 14520 201227 210455 331261 376787 423324
122 8 976 62447 91752 174307 151073 187281
123 6 738 54983 76743 160541 129222 178896
124 7 868 59411 86412 157305 124854 140613
125 32 4000 95369 113623 274174 230743 228028
126 17 2142 71314 96511 164749 160551 201958
127 66 8382 110988 142657 214202 175879 211296
128 127 16256 210455 235933 344726 234159 445345
129 1022 131838 1124889 412934 415909 397014 420648
130 19 2470 69440 97713 194465 183744 211977
131 18 2358 65152 91782 199525 200426 269716
132 110 14520 176090 204233 244990 338315 406782
133 480 63840 694342 400691 498574 366768 519003
134 28 3752 76764 126267 226194 241994 264466
135 4194 566190 4854432 704441 490149 559980 623389
136 27 3672 77165 110236 188303 225213 264877
137 1022 140014 1358167 437370 557736 632536 734357
138 21 2898 69670 108042 212248 230933 270247
139 18 2502 56486 99767 191729 183193 241804
140 26 3640 95339 108504 241813 215594 437300
141 92 12972 159349 178695 293550 333245 403266
142 1 142 31930 38332 86332 80692 95269
143 1294 185042 1663720 629180 601588 796974 865062
144 27 3888 71043 102312 224972 191700 214101
145 372 53940 509615 333715 458229 614842 611397
146 293 42778 403897 275707 294923 335299 360867
147 340 49980 383740 262523 428894 412884 547065
148 369 54612 415739 338726 406392 572323 600627
149 1022 152278 1356974 487504 441187 628218 786815
150 1 150 37820 48320 139762 83156 101791
151 1034 156134 1360881 391144 438732 698039 677120
152 97 14744 165841 204123 318678 396433 434484
153 14 2142 65393 93064 177864 189395 190837
154 17 2618 66785 119474 158628 183745 237004
155 348 53940 434224 337052 380563 395772 441718
156 6 936 45725 77806 167093 137508 177853
157 66 10362 130485 155752 275647 310853 314610
158 67 10586 132870 204443 279724 279294 318457
159 262 41658 379382 272070 395772 611096 629921
160 25 4000 77526 131647 189095 218730 240661
161 14 2254 59862 77506 199715 187291 219932
162 24 3888 72155 125656 395231 237024 256231
163 1022 166586 1330474 510317 565080 683872 822863
164 333 54612 457368 366968 397215 629390 594785
165 88 14520 154720 232416 316784 362540 288782
166 233 38678 333335 255008 380674 464681 605064
167 96 16032 219451 274264 330360 405290 432010
168 24 4032 72747 129733 203502 217959 266430
169 20 3380 88355 113673 219020 260318 258846
170 1 170 42449 49292 117200 85771 152996
171 1022 174762 1129538 443682 626725 620884 752020
172 22 3784 73297 313218 244719 421230 266730
173 838 144974 1082961 484889 547467 828784 762560
174 18 3132 54832 109866 219682 231784 255068
175 344 60200 393428 378790 400351 506730 645781
176 92 16192 160842 224040 379542 389710 501360
177 54 9558 110577 127258 322535 350658 371617
178 1 178 34585 41478 116518 84028 112440
179 276 49404 387988 267361 447850 628268 678011
180 5158 928440 6637856 1385949 541015 751920 753562
181 352 63712 415960 336000 397275 656932 597120
182 15 2730 61866 97633 204543 184686 223860
183 194 35502 238287 238988 392115 513753 636964
184 5 920 50595 140964 172363 205275 182131
185 214 39590 267612 290585 378861 666279 581771
186 3 558 47288 58039 140083 146475 143730
187 14 2618 61866 94557 173105 235892 263003
188 69 12972 130044 185438 317385 357410 451987
189 67116 12684924 72937469 4751469 931346 1032646 950692
190 13 2470 63629 93716 206697 183323 215914
191 1022 195202 1553974 604924 636924 843952 884178
192 21 4032 89208 113503 215304 276739 293199
193 46 8878 130445 217197 266871 296285 343905
194 18 3492 64411 117110 205655 226645 262021
195 14 2730 62257 101610 177082 181019 203111
196 20 3920 63409 127449 295825 229230 233949
197 80 15760 145052 216295 284603 285295 393879
198 12593 2493414 13938194 1577648 688191 933150 897984
199 4 796 84739 70332 156173 130154 164248
200 20 4000 64701 134592 247333 243517 272090
201 218 43818 312516 285355 368241 526437 586710
202 11 2222 56426 85791 186229 204243 228538
203 4 812 46988 76153 210866 150943 183203
204 1 204 48420 55183 126628 153758 118833
205 766 157030 919645 482314 514605 787717 571582
206 197 40582 289322 229180 342382 641993 525866
207 14 2898 93486 107311 204433 227206 287229
208 1199 249392 1654412 839503 617098 814407 1010575
209 68 14212 127869 271479 317666 487334 407745
210 13 2730 57648 114234 245921 214372 265528
211 10 2110 51156 91060 212970 186971 213501
212 1 212 59040 57037 143750 104747 100518
213 4 852 45936 63349 173385 145192 178205
214 58 12412 114374 157084 271870 261711 349135
215 14 3010 61085 146144 164559 221816 254337
216 17 3672 63409 116137 230201 244098 220103
217 4 868 52428 80330 163436 140934 156985
218 72 15696 135715 187231 296386 418114 431629
219 214 46866 305773 263003 398407 431329 541736
220 66 14520 108032 240661 276148 362029 473778
221 150 33150 236804 227627 437791 614111 583975
222 3 666 40556 67517 120156 123702 162745
223 228 50844 327514 330430 373500 561272 830878
224 18 4032 65102 140523 223809 268152 276739
225 2542 571950 3081819 872707 698399 797735 916778
226 14 3164 58580 108844 213741 194816 245279
227 806 182962 881122 589585 521208 939672 963106
228 223 50844 322304 361678 494847 782948 735950
229 826 189154 1081869 513492 546675 1014341 937458
230 4 920 47670 79469 226916 331692 149481
231 170 39270 211897 290214 389070 432871 425638
232 1 232 46868 60774 125174 120506 113032
233 166 38678 243978 258655 401072 667651 582993
234 4 936 45986 81743 182833 146835 179857
235 2626 617110 3508779 942507 852829 1106354 1170445
236 59 13924 156183 184566 342452 371296 478979
237 2606 617622 2874690 926177 738315 1294006 1444569
238 9 2142 68860 71724 185618 167895 231133
239 10 2390 55193 91482 192471 218660 231674
240 1 240 43552 59351 132037 88807 113342
241 2810 677210 3660884 1018039 611416 872697 931788
242 60 14520 117471 178455 329518 404739 469901
243 16 3888 82945 124754 240260 231814 300704
244 4 976 46397 83928 177983 145022 168476
245 16 3920 60193 127800 206077 236524 260208
246 3 738 47118 71333 160120 124935 176311
247 10 2470 49733 102302 183354 205465 271699
248 4 992 41788 104305 172033 160290 177272
249 170 42330 253535 287910 340408 637815 639600
250 16 4000 63199 134733 240240 205936 277350
251 952 238952 1254002 756759 733054 1061691 1086698
252 13 3276 60984 116909 203923 221385 239930
253 64 16192 122399 224841 339186 329087 465442
254 33 8382 83286 134563 178715 203140 198071
255 130 33150 210936 233979 327905 389911 385122
256 255 65280 356609 415378 491521 476593 812534
257 142 36494 185287 245761 272982 377478 452849
258 511 131838 719299 417332 436979 654176 576741
259 638 165242 746740 504837 627396 832561 866124
260 13 3380 47158 120656 351669 218980 239218
261 12 3132 59892 112521 196257 229630 249999
262 9 2358 55034 91361 166763 202370 225573
263 46 12098 100368 177072 274795 336962 395221
264 55 14520 110497 177022 290594 316413 353784
265 10 2650 72245 107311 177653 218991 232446
266 240 63840 351880 335960 421751 672772 675105
267 56 14952 110717 207339 415429 314920 475031
268 14 3752 50084 128040 226104 236153 266159
269 52 13988 90690 165491 306915 365776 485260
270 2097 566190 2719890 706244 548439 904095 992080
271 2 542 44684 67276 140564 117120 139802
272 240 65280 293961 411612 418044 605235 653225
273 10 2730 52949 85259 151895 205876 216867
274 511 140014 578234 433223 583103 851667 867136
275 204 56100 303589 386404 492824 658023 734077
276 47 12972 146585 159810 257322 302748 423504
277 8406 2328462 9919259 1714285 1172989 1956138 1893500
278 9 2502 57228 78527 186179 230743 280275
279 2 558 45025 63309 125956 139502 347532
280 13 3640 58039 126296 253565 221666 253585
281 1934 543454 2572975 849282 722294 1179943 1146970
282 46 12972 83426 156653 292108 293049 412142
283 34 9622 85220 149921 282420 338114 299462
284 3 852 40636 71534 151083 141436 186690
285 170 48450 258605 320181 460353 658966 659637
286 647 185042 880010 472476 628939 1047364 862397
287 224 64288 271038 401923 464551 657282 633508
288 14 4032 61095 138550 192661 239940 274815
289 196 56644 322404 361558 473027 901140 576671
290 186 53940 283602 341690 440676 693801 748824
291 12 3492 46107 122770 214422 217257 304821
292 679 198268 755847 604173 370665 692057 668594
293 146 42778 192220 302978 336451 638417 615244
294 170 49980 212960 345638 363642 578504 654757
295 138 40710 213381 275667 396814 621616 653114
296 195 57720 295755 369844 446327 709711 685375
297 8502 2525094 9376120 1563832 1027286 1354240 1357566
298 511 152278 623549 478587 551044 909726 889508
299 2 598 47279 77766 126798 121428 144921
300 187 56100 284323 357430 429685 774793 685305
301 10 3010 53030 135825 190287 227576 264035
302 517 156134 715652 402134 534412 858991 924854
303 188 56964 280646 362449 567554 607029 697899
304 210 63840 311764 340318 493285 733445 798017
305 462 140910 624351 445816 545973 983324 967995
306 7 2142 73788 90460 142237 139912 256972
307 2 614 47389 99457 131025 125446 152967
308 167 51436 257202 330460 566091 671760 716132
309 760 234840 840426 594034 718858 963216 901129
310 174 53940 345668 370846 324298 439193 531306
311 172 53492 249488 387416 453932 739447 745257
312 3 936 51116 82705 147787 116568 166653
313 184 57592 279284 368231 423314 474019 574828
314 33 10362 88536 162074 260298 316573 306675
315 2206 694890 2852398 1044348 710984 897633 843742
316 808 255328 1152121 769292 702567 1189671 1207684
317 130 41210 203962 274184 349646 544251 532529
318 131 41658 207429 279604 393077 708579 632426
319 142 45298 222006 250981 455434 660709 683832
320 204 65280 302437 409648 473158 650590 733465
321 146 46866 230232 308699 406753 705603 719590
322 7 2254 48932 122530 148829 186991 183354
323 44 14212 94848 208000 316424 364553 508483
324 12 3888 57458 130325 218530 233388 320522
325 102 33150 248526 327304 338565 450805 541164
326 511 166586 689372 516168 561222 894867 936416
327 48 15696 90790 189094 329448 424647 451447
328 179 58712 273543 371497 381666 588573 727294
329 752 247408 1084934 750347 729107 932879 1010985
330 44 14520 99978 176010 306915 349746 361779
331 26 8606 72947 138800 245691 274865 327143
332 2747 912004 3591434 1385418 914484 1634755 1846011
333 2 666 35206 67406 126938 134442 163206
334 48 16032 104997 227757 322935 416862 453090
335 2572 861620 3402540 1315467 1089293 1506164 1715006
336 12 4032 50434 154359 198042 233798 230091
337 192 64704 291296 408907 545293 650089 823323
338 10 3380 57377 100429 204884 227767 254878
339 26 8814 80421 139642 281378 330119 339306
340 147 49980 236173 285155 378500 394329 606437
341 2 682 44874 68478 135083 114685 145663
342 511 174762 686587 539552 461065 854833 905698
343 402 137886 593813 431630 580789 888386 825928
344 11 3784 48401 132348 199725 233608 272521
345 118 40710 194134 277861 389831 607750 693451
346 419 144974 480371 425999 596107 859802 755918
347 636 220692 883898 561583 709530 1022226 1128045
348 9 3132 53160 112801 187602 192010 251261
349 1922 670778 2497272 1368145 1212313 1517916 1689016
350 172 60200 261501 378660 491491 695744 775274
351 36 12636 72065 182983 312235 343444 411051
352 46 16192 100909 221575 331281 514064 548268
353 176 62128 240621 386284 437160 818174 798708
354 27 9558 75101 147797 259546 343835 360045
355 30 10650 68188 160711 217297 359254 343264
356 42 14952 92905 178945 319028 434425 441388
357 6 2142 71233 119975 170219 238017 225693
358 138 49404 214091 322033 532208 593172 845405
359 26 9334 78567 146424 270647 320050 364133
360 2579 928440 3336887 1411987 603842 880902 866515
361 2 722 44504 73928 133130 132338 151384
362 176 63712 229059 464652 457658 729087 696285
363 40 14520 91913 205666 312946 423424 446938
364 9 3276 54271 120887 209012 257262 312926
365 2404 877460 3124399 1334572 905668 1055199 1532654
366 97 35502 164579 249487 354374 575239 644969
367 40 14680 99497 208430 342793 376676 481523
368 44 16192 98935 226966 351128 509756 575759
369 2 738 36017 70492 141796 200997 207108
370 107 39590 216917 267050 373180 635421 696927
371 532 197372 599354 624931 645971 875833 951194
372 145 53940 234069 346980 386254 492774 509335
373 36 13428 86733 210174 302186 402355 420909
374 7 2618 53070 99617 182602 219441 237786
375 8484 3181500 10062547 2419357 1663369 2516759 2747472
376 157 59032 236053 321874 414187 827531 766797
377 556 209612 757239 641092 677761 1033818 1095515
378 33558 12684924 37161899 3996514 969207 1345933 1430052
379 672 254688 917059 814518 723366 996609 1068914
380 168 63840 215223 343003 516879 686267 668083
381 22 8382 71013 191539 245290 302427 311864
382 511 195202 701736 632987 642584 1005535 939391
383 140 53620 217809 387336 482245 756619 729838
384 170 65280 262322 350187 503554 719248 670417
385 102 39270 175459 226525 357460 624120 671098
386 23 8878 71053 145462 308419 350627 386685
387 574620 222377940 628252804 18925506 2186450 2583004 2702117
388 9 3492 66625 122390 207910 239829 258585
389 122 47458 165210 261740 429475 717555 548909
390 7 2730 49653 103163 209072 223689 209823
391 572 223652 802655 677080 745298 878026 948228
392 10 3920 48731 166502 221305 384832 307286
393 6 2358 48921 96812 156414 214122 238737
394 40 15760 119304 344666 356298 295003 412363
395 2236 883220 2912832 1816516 1115912 2092965 2155571
396 9027 3574692 9864185 2873197 870292 1430222 1441943
397 86 34142 180969 202299 393688 604053 715591
398 2 796 36349 78247 123091 192761 173014
399 160 63840 253275 399499 520566 759173 731892
400 10 4000 62067 132719 232326 237666 275777
401 26 10426 77175 158787 275797 344045 411261
402 109 43818 180048 294121 400701 626104 662322
403 370 149110 590637 464931 510246 739516 628568
404 141 56964 218249 363431 614262 835156 729658
405 1398 566190 1531422 908433 759033 1095554 1091416
406 2 812 39825 78968 146345 146504 172704
407 354 144078 418184 453170 601077 1106936 1027757
408 9 3672 50595 127639 286687 226345 304762
409 2560 1047040 3311419 1387731 1267326 1793984 2235602
410 383 157030 577242 483687 401022 684754 880400
411 7590 3119490 8496090 2359224 1591484 2615744 2754946
412 121 49852 200485 327964 429565 691437 730650
413 458 189154 656461 588293 727554 976661 1084463
414 7 2898 43471 139701 194114 220814 247654
415 102 42330 171251 317505 356889 712075 663785
416 617 256672 828673 809087 755116 1029851 1316077
417 6 2502 54542 103334 185909 403607 251692
418 34 14212 87394 204874 305663 355597 435337
419 346 144974 400080 458620 587191 1026294 1054467
420 119 49980 208832 275436 371045 657423 619401
421 1550 652550 1674079 906420 924845 1561268 1775660
422 5 2110 50083 87464 170169 213361 256070
423 6154 2603142 6807524 1969333 1469896 2262081 2507402
424 2249 953576 3006607 1189150 846107 1727850 2006412
425 78 33150 144231 227917 349115 520536 533039
426 2 852 44344 84177 144511 136576 168225
427 116 49532 153818 269716 444183 646783 660979
428 29 12412 79229 183394 309029 336060 329568
429 5886 2525094 7625789 1973270 1405134 2316072 2640682
430 7 3010 50836 98014 187362 206758 292418
431 322 138782 456305 372298 605436 951434 1030653
432 9 3888 50254 130575 217227 243667 271660
433 86 37238 176020 253014 398837 641153 552977
434 2 868 41457 79619 147246 142838 172012
435 124 53940 198792 351218 462618 689893 779121
436 36 15696 71784 185118 365305 331051 488777
437 1956 854772 2127529 1299968 1136541 1994901 2142477
438 107 46866 175439 264055 411382 600196 656441
439 5434 2385526 6996459 1876128 1220709 1914510 2115116
440 33 14520 90791 208711 314770 412875 458118
441 5654 2493414 6926707 1616992 1290860 1991474 1823599
442 75 33150 141164 229441 285325 629089 631554
443 124 54932 197841 294081 459481 643506 654798
444 123 54612 162425 350697 463539 716373 793738
445 1318 586510 1736035 768581 726823 1362334 1515902
446 114 50844 183083 330570 446868 798226 713208
447 560 250320 780383 758853 813956 1278617 1351373
448 9 4032 57398 136325 226735 263824 237766
449 136 61064 212920 392456 497713 758983 807775
450 1271 571950 1657557 728847 729748 1273548 1237170
451 560 252560 787076 769142 824115 1214647 1295950
452 7 3164 50154 115466 201588 220704 245521
453 8312 3765336 10848451 4105117 2511388 2494217 2769723
454 403 182962 590687 567544 684323 1228213 1158472
455 6 2730 42440 109996 162735 193152 221516
456 140 63840 216346 405710 492393 756498 740107
457 22 10054 59732 130735 214001 354104 383509
458 413 189154 569738 589305 701215 1113728 1195522
459 8 3672 56005 123321 179476 230031 266770
460 2 920 86772 69300 129603 139532 170119
461 28 12908 82234 158137 379602 373731 439915
462 85 39270 148980 263604 360285 618820 571903
463 346 160198 403877 574848 606117 1084113 1128216
464 535 248240 751308 751309 783449 1346024 1380609
465 116 53940 261410 349174 483787 683993 704311
466 83 38678 149991 269265 386796 737703 732374
467 2072 967624 3476578 1252358 1424791 1985152 2133640
468 2 936 55794 82785 144351 147376 183494
469 8 3752 46708 122690 251932 264656 317556
470 1313 617110 1748298 954580 877796 1356283 1784486
471 22 10362 70752 157986 277971 330169 420829
472 134 63248 250580 402515 533661 635491 801383
473 8 3784 49743 138590 194474 231545 270617
474 1303 617622 1725836 973035 889859 1562280 1879334
475 102 48450 171592 266139 356138 561543 711494
476 105 49980 146345 276779 403727 482645 566532
477 5278 2517606 6778961 1615349 1380749 2259086 2451236
478 5 2390 71183 85160 248185 221425 302187
479 420 201180 607529 514154 693059 1169373 1159574
480 133 63840 211517 482565 488175 786355 652003
481 120 57720 191790 389921 475762 748033 727975
482 1405 677210 1890465 1021045 770856 1074194 1091186
483 6 2898 56887 107211 191639 234139 221716
484 30 14520 71824 209432 319008 343063 553598
485 4926 2389110 6203712 1846041 1486678 2479980 2749886
486 8 3888 51326 286026 222728 256310 325530
487 314 152918 390171 406693 523191 1163622 1061330
488 2 976 37190 85811 151935 142438 177193
489 1434 701226 1906414 910888 1029380 1824501 2006172
490 8 3920 50063 112571 218360 247635 307326
491 82 40262 122810 274896 364434 776015 660589
492 111 54612 180759 349576 484318 749275 737302
493 120 59160 193343 410820 412062 805551 621716
494 5 2470 56316 94998 188724 213360 239609
495 6030 2984850 7742397 2239710 1106765 1596583 1538745
496 2 992 46979 88816 154800 144070 180569
497 496 246512 673914 791675 762500 1004113 1160366
498 85 42330 129333 279293 397946 650299 690295
499 32 15968 70112 224360 419877 333315 420308
500 8 4000 54051 130335 225523 234600 303339
501 32 16032 86963 229631 332824 405490 652554
502 476 238952 644318 764664 638066 1235125 1330454
503 1414 711242 1563782 1078833 1089753 1780147 2059632
504 8 4032 52889 162544 220373 207900 277951
505 1222 617110 1633703 956152 852038 1748488 1983800
506 32 16192 83707 225883 328035 391373 455264
507 496 251472 563376 770515 805931 1176075 1389566
508 25 12700 64020 190146 244809 278302 329157
509 70 35630 135595 204684 315461 547066 634840
510 65 33150 125365 193152 315562 428513 449212
511 258 131838 493556 419166 380684 379952 374683
512 511 261632 695905 815289 826871 988103 1520621
513 4094 2100222 4413074 1553483 931506 1359960 1420614
514 71 36494 132148 202079 321884 434434 465853
515 456 234840 528351 718317 777128 1241548 994896
516 446 230136 631434 721102 574046 910567 1005706
517 302 156134 464270 471293 650750 849503 1009863
518 319 165242 450324 496711 588793 1004023 1037906
519 1588 824172 1730054 1273527 1122455 1746976 2013556
520 7 3640 51527 113914 252173 201889 265949
521 294 153174 419827 473087 601839 1133986 1108909
522 6 3132 55755 106219 192181 232275 303219
523 412 215476 503374 655509 636493 990978 1131111
524 27 14148 74950 193714 306315 388829 444524
525 362 190050 513322 609482 684213 1171577 1291561
526 23 12098 69630 169849 320109 311133 463449
527 1254 660858 1740273 986049 846838 1314053 1299146
528 1891 998448 2456456 1502137 913804 1654553 1951569
529 440 232760 612859 732023 780453 1249734 1389565
530 5 2650 48200 88726 181450 223238 271369
531 18 9558 69510 138961 314750 361237 410009
532 120 63840 164348 330510 503604 738715 773440
533 1150 612950 1252399 936516 1168381 1779206 1910382
534 28 14952 66946 201748 314220 380413 456586
535 74 39590 115837 276829 398918 841338 677521
536 7 3752 57578 99617 291486 240161 273042
537 92 49404 134191 380193 446628 719278 743083
538 26 13988 77946 189796 314619 376276 445245
539 358 192962 502603 622267 719318 1005876 1042986
540 5913 3193020 7414251 2416010 1215099 1552852 2103534
541 82 44362 151294 320772 421490 580869 667302
542 1 542 39063 42299 110287 127449 157164
543 350 190050 489167 598332 670628 1190232 1245214
544 120 65280 220744 401092 508754 618560 776105
545 1468 800060 1615048 1235296 1300378 2134111 2304641
546 5 2730 38813 93074 146685 214983 232015
547 388 212236 534613 627026 710843 1102066 1136691
548 397 217556 448070 681758 684824 1195262 1200772
549 1736 953064 2253896 1921563 1174202 2305803 2079048
550 102 56100 138400 357069 483978 713778 860243
551 1206 664506 1666144 1063735 876654 1321357 1608937
552 1860 1026720 2424786 1260754 969658 2246663 2416451
553 1516 838348 1993668 1261325 1052503 1648651 1560957
554 4203 2328462 5466840 1751694 1179502 2345137 2589015
555 104 57720 172523 302718 640130 752190 767309
556 26 14456 87995 216365 256681 386224 444223
557 1572 875604 2066896 1300718 1244653 1625227 2002635
558 1 558 42039 79920 125876 125004 150142
559 294 164346 428073 515667 627447 1210129 1103730
560 7 3920 61445 135744 258054 243186 286337
561 70 39270 135334 212258 374312 524704 580698
562 967 543454 1059066 860804 802685 1168501 1588919
563 274 154262 410049 473628 591820 1054066 1020463
564 23 12972 77706 178736 316413 450344 558307
565 5498 3106370 5874846 2255559 1428549 2059331 2620283
566 17 9622 77775 137718 304190 292168 379362
567 22372 12684924 25960876 4473458 1595261 2073247 2445615
568 434 246512 638508 733887 789119 1293055 1386950
569 298 169562 428854 683241 785844 959909 1063093
570 85 48450 155622 303439 472777 701065 717115
571 66 37686 107682 245750 379662 709691 641904
572 391 223652 454892 673934 765315 1441663 1416706
573 4770 2733210 5123948 2049974 1575975 3116543 2886863
574 112 64288 182522 400451 500950 724298 777127
575 1066 612950 1436223 946555 963397 2010590 2021581
576 7 4032 42259 119764 245821 252724 369443
577 372 214644 568896 654938 775674 1227913 1335173
578 98 56644 165971 321724 641503 906250 831900
579 448 259392 612649 651893 830197 1264791 1308093
580 93 53940 166392 344125 452950 776015 672000
581 1760 1022560 1914960 1291131 1478322 2225773 2053280
582 6 3492 56065 118563 218800 303078 272361
583 4534 2643322 4945293 1751403 1317020 2729678 2764524
584 399 233016 757030 888446 548618 949199 1011206
585 1178 689130 1553292 1058815 855163 1084985 945513
586 73 42778 142217 276128 391034 723247 837741
587 1412 828844 1857633 1028278 1145408 1773255 2120806
588 85 49980 148618 261230 501741 556534 722014
589 1122 660858 1258109 1039088 820458 1507927 1616541
590 69 40710 178134 299521 401152 727625 727625
591 226 133566 332354 413475 564629 1121923 1081858
592 440 260480 504165 783089 654367 1364468 1490745
593 282 167226 340930 515467 717255 1040881 1153423
594 4251 2525094 4667621 1914801 1170385 1737478 1998177
595 66 39270 125726 213640 375585 691927 625412
596 410 244360 473127 640531 737362 1254191 1329262
597 4094 2444118 5276474 1890645 1616430 2841368 3325556
598 1 598 37270 50755 132699 128871 157766
599 17386 10414214 19868273 3676944 1969533 3596674 4202790
600 422 253200 592642 754655 895489 1251607 1396448
601 1460 877460 1920661 1336586 1174973 1831775 2091441
602 5 3010 49493 85590 246042 283742 256812
603 1102 664506 1230948 1024230 1014062 1729964 2028794
604 367 221668 536436 666790 597200 1167359 1067803
605 24 14520 65112 192962 290595 433883 446608
606 94 56964 139101 361778 491271 804279 637225
607 21060 12783420 23527935 4856806 2758282 4085821 4728125
608 105 63840 182071 397796 553638 792567 1018049
609 322 196098 545813 596258 631203 1192246 1065308
610 231 140910 375735 401784 595787 909214 1113388
611 1010 617110 1110062 766648 973676 1591023 2181951
612 6 3672 45796 111549 210926 238618 286678
613 392 240296 551173 746841 790301 1308724 1255204
614 1 614 39725 46377 142658 139592 167785
615 930 571950 1284669 854001 916208 1613606 1771962
616 97 59752 171151 412554 538209 659326 771577
617 416 256672 577893 770485 850876 1291332 1389595
618 380 234840 557315 703128 966432 1607083 1252959
619 6416 3971504 8250991 3051221 1868764 2579176 3515802
620 87 53940 131086 340308 397295 590597 653696
621 3382 2100222 4401994 1594190 1301901 2466534 2621456
622 86 53492 166413 330830 478628 620874 736692
623 24 14952 60644 200707 328937 536365 564218
624 403 251472 557845 751749 869079 1160996 1503189
625 392 245000 548849 782276 666730 1021715 1310277
626 92 57592 134993 302307 427722 622006 753733
627 946 593142 1474675 985037 1124879 1771962 2005501
628 94 59032 161964 314139 418074 755246 743313
629 838 527102 1111554 827672 819086 1664701 1865027
630 1103 694890 1436123 1058054 750017 1258470 1252218
631 84 53004 155141 328726 501811 696566 655920
632 404 255328 600936 759293 725941 1500543 1583188
633 400 253200 558447 756247 758923 1201543 1192957
634 65 41210 126688 257713 513012 649177 833253
635 20 12700 52890 166983 328686 322194 293390
636 347 220692 482856 658635 731532 1233112 1320395
637 258 164346 409127 411622 615564 940273 1063444
638 71 45298 134953 280997 339467 754855 697798
639 1030 658170 1372152 1045871 1003622 1654873 1934297
640 102 65280 139842 397114 461034 672942 790021
641 3422 2193502 3954665 1640686 1338910 2103765 2664976
642 73 46866 129062 289182 408847 712857 686006
643 1340 861620 1778826 1317029 1354400 1971065 2179797
644 1299 836556 1685390 1082880 934443 1742818 2018595
645 56534 36464430 61991825 5732649 2438232 3629705 4091572
646 22 14212 73598 166582 305943 379031 495740
647 286 185042 345437 467958 680356 914104 941175
648 6 3888 54723 117009 261219 241323 284003
649 222 144078 275497 436718 620984 1290640 1128887
650 51 33150 110998 226705 340649 654608 503173
651 278 180978 401663 458690 602309 906329 934562
652 392 255584 455283 760546 849372 1305628 1081107
653 74 48322 165991 303159 411191 713428 721433
654 24 15696 104597 209553 320190 336441 494908
655 802 525310 1090355 782898 759875 1724263 1875086
656 98 64288 138950 336761 549441 763161 871975
657 266 174762 388388 530635 615494 931166 815899
658 376 247408 545443 741330 722374 1178870 1309546
659 890 586510 1175494 920126 926587 1776331 1986886
660 22 14520 61616 196819 251171 392186 467697
661 84 55524 145723 347722 488506 704501 784170
662 13 8606 54382 127289 252042 311764 378720
663 50 33150 132178 216095 385102 649127 632015
664 1405 932920 1523667 1188378 921688 1869475 2270617
665 96 63840 167044 421431 498194 762630 627076
666 1 666 36168 43572 140063 128991 164027
667 294 196098 455294 593603 753303 1073463 1312421
668 24 16032 75522 181310 341781 331812 462177
669 76 50844 136516 331832 460092 733044 756198
670 1286 861620 1428479 1064165 1124368 1784516 2087514
671 210 140910 315641 433513 501000 941515 1109901
672 6 4032 50995 136235 200636 258946 327254
673 3606 2426838 3941811 1814011 1601233 2465012 3311859
674 96 64704 164869 403657 538490 724248 808105
675 3274 2209950 4279444 1682144 1240596 1710457 2317756
676 5 3380 59131 109947 259908 261240 273252
677 66 44682 114374 303850 419617 605044 715782
678 13 8814 60945 203382 262903 357019 420198
679 88 59752 158296 367629 525826 806272 741871
680 87 59160 156693 410870 598944 816621 708769
681 862 587022 1223213 877405 993032 1724503 2011622
682 1 682 44544 69019 142106 161012 136917
683 1054 719882 1373506 1097188 947767 1208376 1450820
684 1406 961704 1862622 1185653 993744 1686191 1974953
685 3710 2541350 4612669 1600270 1555276 2768551 2986590
686 201 137886 300454 450505 566251 1029660 1142713
687 308 211596 478848 531577 769713 1266655 1275672
688 374 257312 521739 765515 810559 1296170 1448666
689 1384 953576 1833518 1207514 1283526 1967128 1914760
690 59 40710 124273 293791 407835 674445 665067
691 4230 2922930 5558913 2178685 1574953 3976206 4101430
692 1147 793724 1441203 1215399 873387 1759629 2220523
693 3598 2493414 3872120 1668519 986469 1841222 2059081
694 318 220692 461305 582763 747081 1264491 1321919
695 998 693610 1124148 1058505 1058505 2132017 2295334
696 85 59160 149941 367368 501501 653465 791214
697 15050 10489850 20691917 3965966 2333015 4119374 5340293
698 961 670778 1269250 867016 920315 1694808 1968121
699 810 566190 901240 874630 919965 1749099 1911213
700 86 60200 152236 380483 511179 817032 792246
701 12182 8539582 13038657 3282946 2302086 4420468 4549450
702 18 12636 70492 170199 331241 377408 432371
703 1368 961704 1828549 1412478 1327068 2338184 2284393
704 23 16192 76694 210274 348734 413686 427962
705 4146 2922930 4651722 2255690 1503448 3739161 3702523
706 88 62128 129272 471795 525235 728636 784511
707 292 206444 584826 746269 700002 1233282 1314034
708 5049 3574692 6457668 2475331 1732809 4055304 4309320
709 862 611158 973565 909606 772028 1611882 1717160
710 15 10650 64241 157265 224321 382166 373981
711 3862 2745882 5077030 2087684 1804552 2919665 3134277
712 21 14952 59342 224992 324869 406672 510417
713 886 631718 1383584 780443 1002530 1526001 1834980
714 3 2142 48871 70463 176732 212278 198572
715 1336 955240 1778886 1403251 1054618 1761392 1972117
716 69 49404 107983 309500 432311 592832 635562
717 930 666810 1227853 1070727 984506 1737157 1907006
718 13 9334 51417 135003 285656 347672 399019
719 3186 2290734 4120636 1715427 1593768 2797605 3206281
720 1426 1026720 2079779 1567479 802454 1470877 1531261
721 782 563822 1062082 836488 948158 1356003 1876087
722 1 722 42640 60233 138190 148839 170520
723 3618 2615814 4771356 1946840 1510422 2514955 2654738
724 88 63712 152456 399209 416962 678061 767138
725 914 662650 1032375 982623 1029390 1924909 2130024
726 20 14520 72856 196869 322154 381986 368310
727 802 583054 894056 747091 774272 1876799 2100599
728 5 3640 51777 98555 232466 332033 395430
729 3690 2690010 4752792 2023865 1681893 2744296 3031845
730 1202 877460 1621099 1330174 974297 1732538 1727339
731 352 257312 498245 777488 686116 1174151 1346544
732 1302 953064 2499767 1474404 1208787 2548558 2530294
733 284 208172 409798 520385 687118 1049247 1074244
734 20 14680 68348 284334 329007 438723 376125
735 68 49980 132939 346319 439103 612218 704480
736 22 16192 61927 240410 330901 404889 492724
737 4050 2984850 4777979 2224120 1803752 3072301 3559915
738 1 738 42049 55134 141255 147216 197791
739 1124 830636 1502387 1407880 1220067 2162164 2050725
740 78 57720 142848 399780 631825 759795 1013530
741 292 216372 424606 662863 655429 1444899 1310888
742 266 197372 384691 580418 649828 1065057 1109220
743 68 50524 135574 319539 474199 756799 635231
744 334 248496 497433 747321 695414 1088642 1185644
745 328 244360 458439 750387 646743 1505162 1426595
746 18 13428 74680 202199 275597 423914 355828
747 3018 2254446 3498609 1650104 1172919 2216026 2909515
748 19 14212 52048 234339 270007 389040 431549
749 292 218708 462728 659757 772187 1110272 1322290
750 4242 3181500 5646998 2830727 2018725 2864982 3120551
751 276 207276 338284 532368 746230 1261465 1339712
752 329 247408 483927 774532 867006 1500443 1738820
753 4920 3704760 6375614 2854763 2212298 3490625 4036168
754 278 209612 478537 528000 594535 1186736 1261175
755 866 653830 1154124 807164 817994 1486758 1677305
756 16779 12684924 19475667 4819056 960892 1873713 2122720
757 312 236184 445775 716222 680677 1287444 1257598
758 336 254688 391464 646442 803026 971261 1245105
759 4110 3119490 4521768 1959454 1841723 2557405 3364138
760 84 63840 145042 325150 512330 701335 786966
761 734 558574 972834 785723 751128 1568732 2016962
762 11 8382 56606 132048 255629 280175 393468
763 68 51884 135715 365936 468989 733455 767329
764 1226 936664 1337628 1491507 972614 1896897 2329077
765 12651694 9678545910 8947434169 103325005 4730650 5214277 6071174
766 70 53620 150161 390271 504516 939702 660749
767 4094 3140098 4451156 1972057 1923036 2848541 3751975
768 85 65280 126598 366467 530004 760917 844934
769 292 224548 429515 577403 812543 1306410 1247219
770 51 39270 112711 260638 396123 878748 596889
771 50 38550 124754 299201 395121 651501 598953
772 336 259392 483586 783228 678071 1248831 1858825
773 1344 1038912 1753678 1557230 1466460 1858615 2473097
774 287310 222377940 313690058 18028353 2037140 3935990 4082484
775 738 571950 1082239 859732 857989 1414903 1469295
776 19 14744 60473 172774 335840 371707 490990
777 292 226884 457537 694012 611426 1005795 1225317
778 61 47458 124453 302818 450244 754695 715562
779 950 740050 1119789 919854 937398 2208030 2293139
780 74 57720 140564 302828 482465 770986 771998
781 58 45298 120967 298369 445856 752030 723407
782 286 223652 437340 685275 787206 1272395 1359669
783 4 3132 41067 105848 278893 243828 261540
784 5 3920 50915 127520 252874 262482 287629
785 80 62800 122530 414267 530755 684864 847108
786 3 2358 41027 85511 189405 240461 288371
787 4712 3708344 5232080 2360115 1747717 3392100 3492739
788 20 15760 58911 211427 330600 386284 471895
789 80 63120 149831 394179 547968 807043 715512
790 1118 883220 1504932 1100203 1289678 2075452 2496912
791 4 3164 49042 106200 217909 243837 258996
792 5010 3967920 5379837 2959218 893866 1944036 2211226
793 14490 11490570 16977422 4315211 2852949 5032586 5348769
794 43 34142 106901 226695 332273 711494 626464
795 1264 1004880 1618635 1532463 1403842 2272541 2570720
796 1 796 44213 58429 143579 149370 173626
797 662 527614 891802 848691 885851 1682986 1894051
798 80 63840 131075 398798 556934 939291 672450
799 942 752658 1269761 938520 1103680 2090520 2396293
800 5 4000 44263 120997 267451 249107 285094
801 2622 2100222 2835958 1582898 1402269 2848631 2820198
802 13 10426 63810 175710 281208 354134 412954
803 10474 8410622 13659541 3212103 2155641 4329838 4106088
804 4277 3438708 5742457 2565440 1665183 4265908 4129252
805 3916 3152380 6169368 2403627 2097843 2430557 3405957
806 185 149110 234960 458911 417263 813185 699461
807 11394 9194958 13435091 3034069 2262031 5001608 4856005
808 316 255328 466505 677671 794108 1840291 1730084
809 2950 2386550 3877841 1789946 1555787 2903284 3372824
810 699 566190 780122 849442 820338 1334051 1402009
811 4 3244 54122 109635 207720 211386 270377
812 1 812 45215 64962 151955 168856 152526
813 304 247152 437941 742983 898885 1037314 1396068
814 177 144078 269696 440356 593774 1211982 992842
815 806 656890 973916 807625 1011146 1720136 2095349
816 80 65280 146155 358061 558346 668714 804258
817 726 593142 819386 892453 874319 1782432 2005610
818 1280 1047040 1705257 1569874 1067541 2361427 2594845
819 4 3276 43101 111910 219181 210325 263624
820 298 244360 467767 764162 592420 1169783 968967
821 280 229880 359274 723246 727684 1169252 1216160
822 3795 3119490 4117440 2340128 1654432 3236829 3000185
823 222 182706 332033 596829 586570 1029250 1186916
824 285 234840 413546 752882 886472 1315597 1553724
825 68 56100 130425 331552 503965 717636 655168
826 229 189154 429064 571251 692378 1224156 1057784
827 4188 3463476 5026645 2608190 2021460 3446913 3616180
828 1240 1026720 1683476 1518387 1231459 2207179 2395161
829 218 180722 332924 557475 591910 1227612 1327439
830 51 42330 108774 316443 476523 722525 678963
831 2802 2328462 3024210 1566137 1591975 3149034 3463043
832 311 258752 440957 803787 728025 1419452 1625007
833 60 49980 107582 324308 502112 593132 701996
834 3 2502 47990 92734 192821 320321 349756
835 1144 955240 1542903 1443777 1322139 2734247 2407464
836 17 14212 57698 168376 320020 383148 460243
837 4440 3716280 5723281 2796343 1547471 2251452 2452158
838 173 144974 226786 448070 598522 1118627 938780
839 746 625894 1026164 939001 1014503 1896887 2122430
840 76 63840 141355 338655 452969 892653 686307
841 710 597110 965531 894507 950282 1832597 2038512
842 775 652550 1064826 1008480 973886 1816516 2000661
843 682 574926 768440 922430 1193328 1716809 2300062
844 300 253200 427932 781395 784140 1315036 1409753
845 4 3380 47910 95649 213230 249037 278682
846 3077 2603142 3523096 1954765 1577348 2991289 3397730
847 3582 3033954 3925560 2272952 1636028 2584867 3438727
848 1185 1004880 1431334 1267466 1193819 2227526 2515968
849 638 541662 896050 809398 756288 1922775 2051958
850 39 33150 81573 219803 354936 732223 608350
851 1168 993968 1306820 1484343 1133866 2156624 1912295
852 1 852 40536 66936 149340 154630 168756
853 4 3412 46908 113493 188424 279885 336050
854 58 49532 115086 266720 506590 733355 689473
855 626 535230 846266 802876 706895 1377994 1569984
856 290 248240 418234 742271 756739 1208435 1209919
857 260 222820 318257 679925 801453 1644924 1570044
858 2943 2525094 3156288 1904952 1482450 3161628 3372353
859 11554 9924886 14382477 3472511 2677250 4182732 4841277
860 70 60200 148318 379031 492474 759083 850114
861 9750 8394750 10420469 3133205 2060153 3921533 4306003
862 161 138782 261971 433272 487965 1099111 1119850
863 894 771522 1210519 1162300 971832 1591574 2187832
864 4743 4097952 6129292 3074204 1248721 2612298 2806512
865 898 776770 1234144 962475 1179041 2081733 1926131
866 43 37238 97533 247214 318407 768822 652213
867 1064 922488 1449467 1406046 1163692 2192481 2012584
868 1 868 48531 68188 160631 151403 179938
869 38 33022 95509 221044 388910 735529 515727
870 62 53940 129022 338114 497943 618760 808045
871 3948 3438708 4330400 2557676 1685430 3843707 3923306
872 18 15696 65263 214692 356889 394971 461265
873 4 3492 50785 110497 189956 261961 307116
874 978 854772 1070928 1316969 1110342 2145953 2244699
875 280 245000 405330 732864 854522 1286051 1364439
876 247 216372 303920 555050 552827 1365230 1163342
877 1012 887524 1112125 1336526 1183980 1689949 2338644
878 2717 2385526 2932919 1496216 1063054 2442821 2479178
879 658 578382 910217 729889 967634 1790377 2070402
880 287 252560 413204 639419 684233 1393092 1551668
881 4 3524 49733 112611 224801 262021 281097
882 2827 2493414 3675652 1886267 1149625 2629390 2770104
883 2474 2184542 3226881 1654913 1455479 3042365 3358407
884 253 223652 310372 680185 641422 1241698 1410715
885 46 40710 84628 225793 389380 709801 711013
886 62 54932 121368 344827 440546 604443 660248
887 12150 10777050 15205029 4036809 2630783 5194509 5287283
888 65 57720 130855 332093 503944 820688 793218
889 13282 11807698 15598036 4181932 1916503 2510798 2904145
890 659 586510 904286 876193 865112 1423780 1880806
891 2834 2525094 3074725 1591895 1228834 2280295 2311925
892 57 50844 114405 326833 461736 765686 750898
893 9974 8906782 12128892 3371722 2397866 4758733 5020223
894 280 250320 344265 778249 823574 1319023 1292814
895 228 204060 349635 641693 732203 1248311 1335403
896 291 260736 419767 676388 602961 1077570 1471920
897 12810 11490570 15307892 4344966 2877284 5085826 5468002
898 68 61064 139651 345738 697828 821260 802985
899 60 53940 119724 383128 408295 748473 797856
900 1066 959400 1180173 1234825 990768 1926232 2050895
901 10070 9073070 11978449 2836539 2387887 4616716 4946895
902 280 252560 426730 639709 817422 1171136 1535740
903 146 131838 235873 445044 525134 855765 888395
904 1023 924792 1130139 1371451 1300959 2422883 2685325
905 210 190050 347101 574047 659666 1034590 1199580
906 4156 3765336 5353778 2852859 1507767 3300889 3281964
907 2834 2570438 3654462 1940709 1637380 3056541 3481748
908 1003 910724 1103709 1147992 1034540 2360095 2558848
909 2358 2143422 3058104 1661586 1819291 2839294 3647970
910 3 2730 39193 89147 193873 239219 241152
911 206 187666 315111 567043 780213 1206172 1276213
912 70 63840 111919 399970 562766 807834 791654
913 1120 1022560 1544486 1621611 1225297 1808781 2126708
914 11 10054 48301 155472 228709 345688 393478
915 154 140910 210214 513072 605265 1166868 1148653
916 231 211596 284633 673693 735609 1233643 1480636
917 9446 8661982 10977252 2750868 1815925 3933646 4438522
918 4 3672 54593 103373 225803 241392 266891
919 3310 3041890 4435276 2364794 1960275 3706079 3581565
920 1 920 36167 63769 155261 164468 187592
921 13026 11996946 14147407 3820314 2392386 4199525 5662437
922 14 12908 65764 175429 315372 391965 391234
923 1000 923000 1344962 1252589 1296200 2286708 2433142
924 229 211596 343874 646061 580087 1126412 962235
925 738 682650 984546 1046011 1075948 2020869 2188704
926 173 160198 273964 414327 639589 1183389 971732
927 710 658170 954590 978204 1052824 1898890 2002985
928 1105 1025440 1471048 1266204 1368085 2516569 2771257
929 264 245256 398076 817443 674274 1399865 1245175
930 58 53940 118662 340027 425768 992511 750346
931 212 197372 320611 503174 698269 1120250 1109771
932 863 804316 1209939 1236628 1107146 2283231 2365255
933 778 725874 894356 1094151 1130941 2133710 2276017
934 1036 967624 1512906 1458114 1254463 2387808 2652774
935 42 39270 82495 258444 417182 689753 643947
936 1 936 43442 71103 162995 146725 171702
937 9454 8858398 11921823 3411476 2562354 5340704 5277285
938 4 3752 58079 115366 238518 290695 265268
939 570 535230 669475 672301 764975 1889603 1918217
940 4094 3848360 4462307 2862387 1857974 3278798 3997956
941 2962 2787242 3868323 2092744 1823790 3555737 3879113
942 11 10362 60073 152856 278663 346109 321553
943 650 612950 747211 937458 828503 1843136 2098024
944 67 63248 129202 387577 565801 779291 837159
945 13564 12817980 16341791 4799189 1827176 2550402 2501691
946 4 3784 52819 115707 231414 466324 248867
947 868 821996 1196523 1228273 1238071 2250560 2367489
948 1034 980232 1409973 1251356 1068934 2284023 2533390
949 158 149942 252473 454311 662662 919414 1008862
950 51 48450 110878 305332 449773 768782 707206
951 634 602934 850585 906280 934052 1838026 1954635
952 251 238952 367660 712646 673322 1166737 973806
953 2534 2414902 3046993 1804474 1600741 3310928 3563762
954 2639 2517606 3599679 1868172 1455609 2506400 3175253
955 2738 2614790 3582267 1957290 1692994 3241608 3565535
956 935 893860 1239234 1342738 998222 2254367 2382898
957 566 541662 770555 804058 927038 1579371 2062617
958 210 201180 315632 659557 708809 1251016 1300769
959 146 140014 234840 436749 593222 1069906 1077510
960 68 65280 110638 410209 608280 665157 822122
961 698 670778 940794 1039078 1045400 1708113 1954495
962 60 57720 120165 387847 519764 650099 750577
963 718 691434 803797 882795 888837 1864296 1755441
964 3669 3536916 4768791 2663304 1464697 2348583 2667772
965 2214 2136510 2909075 1389385 1409272 2964759 3278207
966 3 2898 48020 99547 187251 273413 287780
967 16 15472 69480 207720 363992 400702 504707
968 15 14520 61796 196057 320151 361548 380804
969 50 48450 89087 333956 466995 781646 735008
970 2463 2389110 3206653 1558362 1476037 3048776 3431614
971 16 15536 53630 244659 357129 429115 457467
972 4 3888 47850 116418 224531 250319 233438
973 186 180978 288892 552977 686066 1204539 1424111
974 157 152918 248306 460313 630152 1170485 1148072
975 34 33150 91732 217658 357460 554600 597480
976 1 976 41948 68679 151083 141756 185478
977 166 162182 263645 414056 627075 1076268 1105272
978 717 701226 1040691 1060248 948728 2152145 2267482
979 3220 3152380 3863324 2347221 1923416 3378405 4015960
980 4 3920 49853 106520 208682 253966 283752
981 16 15696 68689 208691 338144 454963 484408
982 41 40262 93846 284974 398247 728456 704822
983 10 9830 52678 141174 261701 347612 372469
984 975 959400 1328521 1468213 1259552 2442079 2602470
985 16 15760 55284 231193 273934 394600 476854
986 60 59160 144020 315732 455604 867576 771046
987 586 578382 820959 857658 970791 1857743 2020498
988 219 216372 286607 650500 647915 1337968 1473142
989 9222 9120558 10050765 3106595 2129683 5047805 5517005
990 3015 2984850 3929638 2120967 1123075 1928386 1861861
991 2838 2812458 3782432 1757605 1739011 2731521 2979206
992 1 992 33213 65643 156624 130845 179206
993 55284 54897012 60048060 10204172 3358667 4821841 5150467
994 248 246512 393438 623459 768341 1279759 1526825
995 820 815900 1100915 1029840 1007499 2493626 2475953
996 988 984048 1307852 1244343 1271554 2742983 2245029
997 654 652038 879749 974517 890590 1895184 2283331
998 16 15968 61655 208290 334898 343494 482465
999 2306 2303694 3053235 1705838 1286302 2932719 3448155
